1252630938770649089
1243968198111789058
1242474839966765056
1242461115616866304
1242400142335983619
1238131052582928385
1254164579459854336
1256227600936177664
1256215023619395584
1256167023148765186
1256064242572300293
1256013502298370048
1255958833999933440
1255911880436178947
1255841759877349376
1255655200511033344
1255638434821083138
1255630129000099840
1255568949862957057
1255526790149353472
1255285099899293696
1255226064877555715
1255205502847516672
1255183675248963585
1255181275977015296
1255144667932266496
1254923219359936512
1254817528452284426
1254630112332443655
1254577937078259712
1254476000425017344
1254472790557802499
1254441536261099522
1254419960111067136
1254176799468240897
1253865797375733761
1253837309880995844
1253728770940383232
1253702772471578624
1253631890281476096
1253444042097975296
1253409965194113025
1253362977828294657
1253361821244895234
1253183292947550208
1253157289587929089
1253092597318500352
1252847501251538944
1252696391769640962
1252683209390739456
1252636346134355968
1252630938770649089
1252622099987877889
1252607413846491136
1252555497946972160
1252428594413842437
1252408181260603395
1252348097629286400
1252314854863466496
1252262216184680448
1252230982775652354
1252205124350545923
1252068558676393984
1252044512874070016
1252022192222564353
1252014222851989505
1251988266838081537
1251922661237800965
1251866167032987648
1251834541490216960
1251740072715706368
1251671901983760385
1251668952993927170
1251568308731740166
1251532038194282496
1251480260706590720
1251470505267396608
1251245017395613696
1251187362035425281
1251085257539031040
1251040711023214592
1250949774791958528
1250936554002034691
1250923196116803586
1250923047151906816
1250896484612145152
1250869141562482688
1250848833069875209
1250729706690936833
1250630053345529863
1250542140310073350
1250422776977969152
1250384452448108544
1250346513374429185
1250225935284162561
1250177929084010497
1250065376437731331
1249961723282501635
1249804284155191296
1249790552486359040
1249716298151612417
1249695287989489665
1249139542688444416
1249083025935106048
1249017186661715968
1248851277062082561
1248762939261116421
1248750016216236032
1248734135188848641
1248696085310251008
1248691292286189568
1248637084010774529
1248625448830918657
1248621932104151042
1248619385821913093
1248606541793488896
1248606193335119877
1248605782813392896
1248548862022819842
1248486112751841281
1248459861475487744
1248386563685224452
1248235247809867777
1248211543889715202
1248202069737177088
1248087887473602560
1248076311928516608
1248023340192804875
1248022785777115137
1247941585502781442
1247935266796568578
1247883203827859456
1247863014080028673
1247760767853588481
1247697008888078337
1247652351810375685
1247651901119791104
1247591558809075712
1247448470283313154
1247425328672313345
1247371241792643079
1247283863342088196
1247167569888493568
1247062916739678208
1246513904039190529
1246512566647623680
1246260336619069447
1246183767699591169
1246002922103635968
1245957699101171712
1245932862215319555
1245921701721849858
1245823065403129857
1245822625131180034
1245821649246658561
1245821395705135105
1245736953108213762
1245736518192435203
1245736180718673920
1245736128734527488
1245736072799191041
1245736018722148360
1245735947750330369
1245646355520839683
1245579683753676801
1245514326519296000
1245512289278668800
1245419013833928705
1245382652812824578
1245382027005906945
1245353737025138693
1245145762343739393
1245140798456422401
1245128668277596162
1245125243833929728
1245080525091504129
1245080259311132672
1245006106721689600
1244999762669187072
1244872708774453248
1244758091096158208
1244467908236972033
1244369903693389824
1244322618041225217
1244308181314080768
1244221591845851136
1244219113666461701
1244107740689174533
1243753480969478151
1243738990575943680
1243705054105755650
1243680787733544960
1243627724742242308
1243623703096766468
1243616936921042946
1243568936802713602
1243543789018451968
1243384220845608961
1243278554487336960
1243182374344691712
1243139730788749312
1243104606118240258
1242991951701356546
1242975316613701632
1242958695933169665
1242923237366886400
1242669446478671872
1242213785487781892
1242139277154299911
1242133530328682503
1242115665496080385
1242088874924441602
1241915623615205379
1241895592835637248
1241890738755047424
1241826575529598976
1241806978260914183
1241805420181757957
1241791031240253444
1241677190686793728
1241675776153530371
1241675713088049152
1241565348186468358
1241565236253077505
1241564365842718728
1241509907259523072
1241509548910936065
1241490217217011718
1241477679167057920
1241433906144051200
1241430485626163200
1241422777862754305
1241380159917379587
1241132046598184966
1241095065986048007
1241059746351898630
1241047112978137088
1241044399053774848
1241037353210216449
1240815953702723584
1240806532226461696
1240723147630018560
1240647300025929734
1240644356668702721
1240442303241752577
1240416087289802753
1240394474536210436
1240387378516299783
1240341381773549568
1240338805187465217
1240322732115611649
1240237378041778176
1240110805384933376
1240069499132338176
1240051588695093248
1239975942820229129
1239939417873231873
1239934630905753600
1239884875337011202
1239788559604813824
1239758275555422209
1239745485088460808
1239630187282628608
1239520383088250882
1239510439920316416
1239500988328726528
1239411377262833664
1239374019633217536
1239370890258845697
1239366606326661121
1239364458654453765
1239334321326096384
1239333571409489921
1239206682980429824
1239186112469499909
1239176297886203906
1239024489398222848
1238982625064374272
1238788397004660738
1238780984415444992
1238744556188897285
1238697210872647680
1238512387248009216
1238486277483376643
1238475259831033856
1238473326324060160
1238434278318497793
1238416472600387584
1238408530346086402
1238325240536551424
1238292052380733445
1238283423699140608
1238248638528327680
1238234110818222081
1238233761885515776
1238219019842281473
1238204465624170497
1238147333428109313
1238143220321783815
1238131052582928385
1238109364155592706
1238099335667011584
1238093069007958020
1238089317802795008
1238089078530347018
1238084679728795649
1238038429738426368
1238003086813286400
1237998799060000768
1237965748372299777
1237958750033588224
1237932914362454019
1237902125704888322
1237897816275443717
1237857485186150400
1237804934759882754
1237772304110825475
1237743384955101184
1237741779044175874
1237724825843572742
1237720654918619136
1237621647005249537
1237582027437641734
1237552188215283715
1237534484406263808
1237527459269988352
1237511967499104257
1237461765564387328
1237383743838416898
1237357386995826690
1237252345572012032
1237186223480819713
1237169826919055361
1237070651560579072
1237061437400305664
1237037722042155009
1236758341143199753
1236747964317646848
1236672699075825664
1236650704758071297
1236492307790102528
1236444372192894979
1236302828999544833
1236285130085466112
1236276515135840256
1236191061128642561
1236097805074169856
1235999592090484736
1235798882031820800
1235663689455407104
1235510683179061249
1235267210974613504
1235240441274159104
1235203055496331265
1234566237314666496
1233880402344828928
1233805144212545537
1233758272718622721
1233757539231322112
1233756443280642058
1232944004570001408
1232894774207664128
1232831704345251840
1232827951625986050
1232824430021079040
1232778082731335680
1232339103175319554
1232227557900259330
1231794630120923136
1228240335031107584
1252654573166051329
1245384238897205250
1244260009015377920
1243536985744199680
1243514215165562880
1242958696780455936
1242474843137703938
1242400453700096001
1236692357476691968
1236692122725736452
1236692012893704193
1236691906211598337
1236691668356796416
1236627980086108161
1245384783867400198
1243969054139797506
1243514400851611648
1242958697606733824
1241350499636367360
1236692357476691968
1236692122725736452
1236692012893704193
1236691906211598337
1236691668356796416
1236627980086108161
1224095170477481984
1245764856835342338
1245385912902615040
1244332460206260224
1244286066460418049
1244278779289059328
1244232962524184576
1243971778805764098
1242958699624148992
1242474835512446976
1240542439510663169
1240537749632872448
1238410826320576512
1238125038957670400
1236627984683020288
1234599421704392706
1245386289442144260
1242958700588851201
1236627984683020288
1247125579343769602
1245388295154139138
1245291186073501696
1245195389587914752
1243922136026284032
1243536985744199680
1242433744792727552
1239324720383705088
1237401216671518721
1236627984683020288
1248734352499933185
1245848656370073600
1245786579131674626
1245388515749347334
1244796039011303424
1243627724742242308
1242958702556016640
1240542439510663169
1240537749632872448
1236627984683020288
1245388723568685056
1242958703436824576
1236627984683020288
1245388946370105344
1242400453700096001
1236627984683020288
1245389974977069057
1243972480999387143
1236627986717323264
1245390249498476544
1236627986717323264
1245391200833724418
1236627986717323264
1243627724742242308
1242400453700096001
1236627989036781569
1251517138126270465
1245392296092319755
1243151242194489345
1240247344131493888
1236627989036781569
1245392712607694860
1236627989036781569
