1278469567879286787
1278288508961128448
1276935297184530437
1275873132146982913
1275165506492747778
1271261017918472192
1270724155063717890
1270098021305339907
1270067822454923273
1270022523992842242
1269957159724265472
1269909666261172225
1269908579215183874
1269828896104632320
1269491695772729344
1269426706592473088
1269400562392428544
1269373563343122434
1269253008287772674
1269190407994343425
1269168725036601344
1268949236848062464
1263381816091848704
1262805868447518727
1260104460526915584
1257613718696931328
1257611517417205761
