1277088861412192257
1276723310798213124
1278234248433078273
1275801200278020097
1275575312894636034
1275552336195121153
1275114312407740416
1274569102040784897
1274529902872715271
1274518693704318976
1274518429228285952
1274516252443189250
1274514700794056707
1274513613546545153
1274513581489491974
1274513386999623682
1274513129876094976
1274512963034996736
1274512559765405697
1274511754282913792
1274511197170208769
1274510769208492032
1274510293666680832
1274510284129030148
1274510204126797825
1274510092449218560
1274510062015221760
1274510046588809217
1277744752092491776
1277283295521316867
1277282643718127616
1277281044547293186
1276925152509427715
1276920264249364486
1276844506013458432
1276711189712703488
1276634056801820673
1276585208934879233
1276544879217311745
1276491302952148993
1276378075354116096
1276367497961168896
1276365489292353536
1276196635861823488
1276126124649709568
1275981994422341634
1275585293916110848
1275507673497305088
1275435711714320384
1275382895717298177
1275280684395884544
1275222426788528134
1275107120107655170
1275078156819378178
1275049049599729664
1274801175691440133
1274751050801713153
1274728607542321156
1274715320272523266
1274707183763103744
1274696606260932609
1274662101567639552
1274586158551490561
1274541816289923076
1274526428068040705
1274525828450340870
1274506071130943488
1274411984549797888
1274402017285267457
1274399533972066305
1274347064445538305
1274330410483200000
1274302248726781952
1274153335889768449
1274092128747094016
1274043927004413952
1274020545277734912
1273999599674331138
1273982892679495682
1273710061345476610
1273707925966643201
1273704469901926400
1273700640934506498
1273696234109317121
1273668823271591938
1273665749777707008
1273638974117031936
1273625615858577409
1273482291507982337
1273415144287227905
1273366872117952518
1273366702127042562
1273351655203975176
1273338940230004738
1273307319003230208
1273295595277561857
1273290617381097472
1273283731323838465
1273269085988667392
1273253175945048064
1273238742212411392
1273236736232116224
1273227268769361920
1273219952074469380
1273212115856261120
1273174890061934594
1273148841819344897
1273148836953948162
1273148746533146624
1273122768087855107
1273105738366431233
1273069566319407104
1273062676420341760
1273054465151700993
1273046233070710785
1273039551813103617
1273035650481229826
1273024127377555456
1272996408472285187
1272973429629759488
1272968946954764288
1272962566638063616
1272956044872945665
1272955602910810112
1272947788846784513
1272944842952278017
1272935321517395970
1272931189385498624
1272927760441212928
1272926766445867015
1272926411209297921
1272925182445977600
1272924906393567232
1272924181412241411
1272921023613034498
1272919920658038784
1272919312030855168
1272917285582356480
1272916780772503552
1272916662874972160
1272913799922757632
1272912570438037506
1272908128905048064
1272905188957999116
1272901701369036800
1272901182730702849
1272900713769848837
1272899325400621061
1272890919642161156
1272889126346514433
1272885884879241217
1272880706478358530
1272880632339849216
1272878865971425281
1272878817040838658
1272873197965324291
1272865674516467712
1272864796745125888
1272864190391336960
1272861488252776448
1272861072471416832
1272860558686146560
1272848518177345536
1272842820110487553
1272837939047862273
1272834958571298817
1272833269080489991
1272830410372739073
1272828938289627138
1272828160791523328
1272821284355878913
1272790927677874178
1272790660567822337
1272790187098152963
1272787347533266944
1272778335089819648
1272768922412957696
1272742686764814339
1272738843683196931
1272738761663819776
1272738722493214723
1272736193210269696
1272734518584238080
1272731234188300288
1272728140784250880
1272725074664058882
1272721976797396995
1272720471847514112
1272714093611360258
1272713370286858241
1272710835912261632
1272705330451845120
1272705196238557186
1272699137662861317
1272698297979813888
1272684673651470337
1272674912998576128
1272672830010908673
1272671671363698690
1272667300999491584
1272665531070525442
1272664478065348610
1272661423940874242
1272660314547421184
1272658056384577543
1272651725795721218
1272639890744901632
1272639855089123336
1272629924042551296
1272629169797705735
1272620326032048128
1272611455855190017
1272609717089517568
1273750394804613120
1273371547852591106
1273288079390826496
1273002838982119425
1275310235729584128
1273708015682756610
1271072822496985089
1270529693083566080
1270359701646123010
1270107427241897988
1270106815599128576
1270105963434053632
1270042788319694850
1269841996606300160
1269802542051049472
1269795041293238273
1269697605249966083
1269687625448919043
1269687325253988352
1269673633070358528
1269439109224960002
1273680754850050052
1269517142816444419
1269495956237627395
1269048275660943360
1265369843961823232
1262709225010212865
1261652166906961920
1260763011150536704
1260515389475368960
1260051858514743296
1274820876173815808
1273291844680548355
1273228877721145344
1273223481346396167
1273104630424141824
1272772288421588992
1272252376892628992
1271973377075490817
1271969308621619201
1271968591521423361
1271288985403289600
1270837114909974528
1270807059949170688
1270806992500613120
1270806823784742913
1270806759695740928
1270716660874280964
1270300134958460928
1269758777072517120
1269758775780691975
1269758774467874818
1269758772873961472
1269671916635209730
1269671335183233025
1269659829208969216
1269616191829655553
1268320117802360834
1266236313360928772
1264776913899274241
1271555939674406912
1271556448699518976
1273220982120079360
1267044307493695488
1266650713272147969
1268280757123977216
1271096372909891584
1270804122426621955
1270364453524008966
1267206720985628672
1266086020531044353
1275375546633838592
1272853931173900288
1272506642848903169
1266059456925831168
1276134648893104128
1273230011567407106
1264245035752738818
1264240277641822211
1264192110657495042
1263844354566881280
1263705111932567552
1266755041311854594
1266714924299894784
1266059667920367616
1273022937604358145
1272348801370451968
1272199501181157377
1268464537143050241
1265940409236303872
1265088538040766465
1264990631308472323
1264908504764203008
1264894667696607232
1264840345621336066
1264767307357683712
1264743558113832967
1264737506697916416
1264727341793607680
1264708593334583302
1264554952267104257
1264491745003405313
1264489305113800704
1264453853837242374
1264428095643234304
1264425700313968640
1264423173442940930
1264413583850508288
1264394745930903552
1264359067243483136
1264357329237139457
1264346322909290496
1264342578377318402
1264319304398524418
1264317878532280321
1264314348224286721
1264304075950211074
1264303715886006278
1264300335406989313
1264257953303080961
1264250397440409600
1264249493031137280
1264243777092423683
1264234462205935618
1264230324424359942
1264227736282738689
1264178818065010689
1264155593448849413
1264131450502369281
1264105838102396928
1264104711558443018
1264079642954207233
1264074319870611456
1264047738674651142
1264036144724967425
1264019242304901121
1264017679557459970
1264006126749790208
1264000059529666562
1263997243645759488
1263989099360223232
1263983636644274176
1263983365985689601
1263960073564495872
1263955481678303233
1263947789332959232
1263941779461746695
1263940040926867456
1263936120410300416
1263933427889438722
1263933405403594753
1263928842030403584
1263923276088107008
1263923238960156672
1263923198959083520
1263899343095861250
1263882350590599168
1263881015778578434
1263879822490497031
1263867528079724545
1263854543487537153
1263850882212474881
1263815858742124546
1263781317671628800
1263750829997088770
1263744753683836929
1263744471080022016
1263744264200245253
1263694293409112065
1263589556525268996
1263576466362560512
1263568453987979266
1263555972879937536
1263552406278660097
1263543167829213184
1263532025476255745
1263522481270337541
1263472043569352708
1263468865113161739
1263465598983516165
1263435462322118656
1263418238182047744
1263400379229696002
1263375454972645376
1263331289467219968
1263313875874861056
1263263837035298818
1263236092968476675
1263225403784572930
1263223794857963525
1263218545611202560
1263208037419974658
1263199087400226831
1263173625600933888
1263163759163346944
1263160892000276483
1263160573094699011
1263143129223290881
1263134243229782019
1263131602793697281
1263108781376000000
1263107809983336448
1263100718929440772
1263094435916787712
1263092374831534080
1263085486551244800
1263080025626034176
1263077362473807872
1263069823438712833
1263065925005258754
1263065736513273857
1263063785985708033
1263055169023094787
1263050158239072257
1263049905158922240
1263038038902521861
1263019207005892608
1263019124503937024
1263016500375384069
1263015848362426368
1263000862638686209
1262999515511971841
1262989383239700480
1262980859860340736
1262979041193230336
1262971564728950785
1262966918807523329
1262961692687904770
1262959917159374855
1262954917611933696
1262948292159250438
1262939127437123584
1262935762359791617
1262921016180969472
1262920191035523073
1262915488025362433
1262907744237096960
1262907035047337989
1262900955210756096
1262900774289289216
1262900766110605312
1262883435338780679
1262877925566820353
1262870649103622145
1262870561295945734
1262858197976649729
1262855532030775296
1262851197679144963
1262848542760226824
1262848385708687363
1262844630573301761
1262842662668754944
1262842160300175360
1262840623675117573
1262836223736938497
1262829909736599552
1262811328043003904
1262811267925970945
1262799150606884864
1262796509243944960
1262795598404730882
1262790746173734914
1262790645535645696
1262789407553224705
1262786501206700032
1262786484651716608
1262786189955866625
1262786085823922177
1262785661448454144
1262785625134170115
1262785259088814082
1262784989655162884
1262784907203481600
1262784848080535563
1262757182203809794
1262750430850723843
1262748344222248960
1262745813656104960
1262739232222658560
1262735944509198341
1262732168586903554
1262729675505360896
1262728479746994177
1262724903037534208
1262724682333200384
1262721097826533377
1262714302500347914
1262699336196067328
1262697745279787008
1262696487915524096
1262693483497783301
1262689706866700289
1262679674569854976
1262670812206764032
1262669727194898439
1262649728853999618
1262636751429959686
1262633438638673921
1262620236253147137
1262618735161925638
1262606856230440960
1262606659718983680
1262601986266062851
1262585170831474689
1262571207939035137
1262566049318424576
1262563007554416640
1262558149338333184
1262556851079532544
1262542843849191425
1262540825923207168
1262531238214107141
1262531206748520448
1262530456265781250
1262530179760631813
1262507882949627906
1262506218821746688
1262488378534031360
1262483834689531906
1262482651333738500
1262468485944205312
1262464312167116801
1262454187826253831
1262449165038006275
1262448620550467584
1262442090748882945
1262424770261291015
1262408103250853888
1262390622733950976
1262389089296437248
1262377486647734274
1262367045783556096
1262362865215909890
1262360860472868864
1262359160211083264
1262350147666788353
1262330804593741828
1262315142617989125
1262263159320203264
1262257311109672960
1262245287147573248
1262244868987867136
1262231986216808449
1262215550693826561
1262213755967954950
1262202642887069697
1262198846186110976
1262193374402134017
1262183851981508608
1262174797871677446
1262158396805054466
1262151609498378240
1262148199084507136
1262135662192611333
1262132450043613186
1262125683356004357
1262113837328687104
1262112687254798341
1262088077125668864
1262085960298139649
1262080624095047686
1262079832487161857
1262077333227352064
1262069032469094400
1262049980082094080
1262048902062243841
1262036400326746112
1262033417077751810
1262028019381796865
1262025505076805639
1262024512742125569
1262021888546660352
1262006646278098946
1262006075164954624
1261992348872880130
1261991973906415618
1261977897667092480
1261975489293570048
1261972718746025985
1261955841705607169
1261955714890817536
1261955492848508928
1261941476335943680
1261939653843746816
1261933072423026693
1261899256799076352
1261869227386028035
1261863066687254529
1261821557208313856
1261808735049129984
1261784928150142976
1261773077161095170
1261769910671343619
1261761084983296001
1261738744228372480
1261723863366295552
1261711285080768512
1261698011664723971
1261697280496726017
1261697072719294464
1261686679632560128
1261682353153298433
1261648797597421570
1261637631835803649
1261633064792457219
1261609515662946304
1261607614518931456
1261594041055154176
1261590174431170563
1261588638242164736
1261581393982902272
1261565088244420609
1261559679735521280
1261533481236074497
1261530940267995136
1261526672509034496
1261517144883212288
1261500451729661952
1261497077554503680
1261495917968048133
1261493588401295361
1261486522966081536
1261483156269486081
1261477353320046592
1261471557504778240
1261469540170502146
1261429907571310593
1261421391171092480
1261420705339650049
1261415013652131840
1261412025369911298
1261408550380728320
1261404420660592640
1261399805047250944
1261398313246449666
1261397763230744576
1261397395394486273
1261391251334508545
1261384061404106752
1261380581062934528
1261357444208513025
1261352694901469185
1274400852845961217
1273305379741540354
1272758464935149571
1270360592084357121
1266254833746501639
1263483770008715265
1263206346209583107
1263197307492691968
1263168682277998593
1267822291502526468
1265797383943647232
1265573646057312256
1265389982354735122
1263127682667159552
1262489479065096192
1262469059716673536
1267492119566077953
1275177520820879361
1270747101388046338
1268497731418501120
1268172587231670277
1268170678513086469
1264030758227902476
1263946440176476164
1263483866322477057
1263483275110232064
1262402395918630913
1262365194501709826
1262281044339941376
1262176986522402819
1262122734148104201
1261972343058038784
1261607865858523138
1261531438589116416
1260300090050326534
1259149230423396352
1259112217615765506
1258866453479997440
1258673029296517121
1258662895140982785
1258567292478042112
1257948349145243655
1257616675492356101
1257115228225011712
1257114067178831873
1256751600565055488
1256311558289985538
1256311291695689728
1256309382687703040
1256138538732728322
1256132584255311873
1256106764115869696
1256060269660422145
1263496237308710912
1263083694329344000
1262246258854559744
1262161567552020480
1262013720403873796
1262013656461606914
1261935187006496769
1261838461209886720
1261724057264848897
1266200926211145729
1263114505120296962
1261404114690494474
1261195799024807937
1267440954044231681
1264677196544634881
1263905996444860417
1263539924348870661
1263475937598935045
1263197993429327872
1262744523169394690
1262509313148370944
1262474517416259585
1262390145820635136
1262380360136110082
1262374622403723267
1262357002342277121
1262356555917336577
1262202893358129152
1262153213740023810
1262138408526381059
1262086785158569984
1261828534739361814
1261815798177255424
1261712878710788096
1261645499741769728
1261499438339551233
1261499203961753600
1261378497379028993
1261356416649949186
1261355939493408768
1261340717328347138
1261279850167365633
1261270808409882624
1261248096748613634
1261234139275165697
1261231184086007808
1261223201864114176
1261156837333876736
1261132407014453254
1261123464091496448
1261121004342034432
1261118931156205568
1261102762474913793
1261095165101584384
1261090797748977664
1261090421893021696
1261088683425361920
1261081821799944194
1261081092024610817
1261079216088547328
1261079159423590400
1261073659537620993
1261066716420816896
1261065319314886656
1261054362866069504
1261053570469769219
1261050911054594056
1261049684417753091
1261044320884322305
1261034821427408896
1261029509043638273
1261023893965455363
1261021995677908998
1261012853261127680
1261009993056186368
1260990897761603584
1268351445314617344
1263858293593665536
1262348856274141184
1261386067934015493
1261343580695617538
1260988265261338625
1260580659996884994
1259215090156535809
1259210356670500864
1259206584208670728
1259206455443501056
1259202901181956096
1259200149815013376
1258152489196584960
1258120827968552960
1263287601823248389
1263158147402788865
1262805799623147526
1262801546720563203
1265813214136320001
1261957891185086465
1261382042027200522
1261320534261772288
1261316937575010305
1261101024946905088
1261071867890335744
1260370159690080259
1260042475005190144
1265436584049963008
1263888046040035330
1263535974006611980
1262405597586239489
1260671795893583872
1260657826722009089
1260611862993010689
1260581835496665100
1260472226182291456
1260293006554476547
1259961777766436867
1259756571384582147
1259668710211518465
1259609984947515392
1260927198623662082
1258821214044291075
1272928288663638016
1271498653304107008
1263642091869134849
1262720811141672961
1260975820929028097
1260896640447234048
1260610324593426432
1259718184124342274
1259104597697867777
1259103017678172161
1258898141161586688
1258729828427067392
1258235067903557632
1258059686877765634
1258039412929126400
1257684406577266690
1257684333827145728
1257632019745570816
1257468255440007168
1257459070304387074
1257448773875372039
1257338178299707392
1256350058850799618
1256303740002406400
1261299294222430208
1277334066241683456
1267401563250753536
1266755017257693184
1266754230607634434
1266415652211961865
1266391098995478531
1266233954073341952
1266228907516313600
1266065729431965697
1266060163762532353
1266059337031704577
1266042607806775297
1266042138745167872
1266029977339756544
1266022241558499331
1266020655436369920
1266013930285142019
1266012910901497856
1266002290785300485
1265992014631448577
1265841849803116544
1265441498587422721
1264971792705294337
1264610308397596673
1264425903225835521
1263493305364557825
1263457248426278913
1263162266599424002
1263162119819866117
1262541487457341442
1261629645818081280
1261488956132163584
1261293180403642368
1261275647160258562
1259658732394500096
1259608981737107457
1259515289169014784
1259495506734129154
1259464393227669504
1259464387527684097
1259170415177461761
1259146655045124097
1259124711889534979
1259124257075990528
1259107175995265025
1259098457098379264
1258887083432738816
1258868193621356551
1258843843056635904
1258842683717693440
1258822762497531906
1258796569991745539
1258794529328640002
1258783776257310725
1258741466924560387
1258723491534131201
1258711704269205504
1258647126508105728
1258621380385476615
1258601763583787009
1258595060821581824
1258553870789283841
1258543240657039362
1258420077826801664
1258419801288069129
1258396389215739910
1258352309739937794
1258142033602060289
1258074817233924106
1258062633975963650
1258047112010444801
1257988595161477121
1257965072783155200
1257900974934351872
1257859140447240199
1257809099812532225
1257806265360711680
1257803583841583109
1257799895643238401
1257771620682399746
1257764997691838466
1257747316720627712
1257733225327276032
1257724747586121729
1257723528679489538
1257720880974704640
1257716886713720833
1257714333280329728
1257710223046987776
1257710008399040513
1257708338323718145
1257689514153136128
1257683376775008256
1257678529627652099
1257677004423327745
1257672236795858945
1257668754739167233
1257661671654469632
1257661443912224768
1257657335151054848
1257651756831563777
1257650377949958153
1257647381421723649
1257646361362731010
1257645110969466882
1257598763142701058
1257592123773325312
1257497263200337925
1257446120734720004
1257435695427334149
1257423937249705986
1257396458963296257
1257393309263290370
1257383371073781760
1257368191547912194
1257358428978262021
1257338054014111745
1257323816692314113
1257323349719441409
1257303790010552320
1257298308969660421
1270360722560729089
1260620510683107329
1260563741558689801
1258514570945032192
1258329173141094401
1260971967949217793
1258535992425803776
1257318013637758978
1272759203686305792
1265891772657315840
1261291285308030982
1261121026387251200
1260675463984414721
1260620715998482435
1260564196292517894
1257701038087303169
1257633359351746561
1257354501859823616
1271389280217120768
1263386551116939264
1263069461696790528
1260668639247646720
1278166528614174722
1278156862672834560
1278077358226972672
1278055161391460352
1277991709109075968
1277755878654033920
1277673775572692994
1277589979464699904
1277564925490139136
1277361858341724166
1277218899306700800
1277036530058645504
1276993492011581440
1276990416622149632
1276990232014082055
1276314295576301569
1275861226870972418
1274472837173018624
1274393421889679360
1273783219637239808
1273083668068798464
1273045007969083392
1271576634437578755
1271576599520043009
1270468581634052096
1270468389933387781
1270468228658192385
1268679613200424960
1268618339623948289
1268618233113796613
1268618167791652867
1267504202819014657
1267503048492007425
1267502713375461376
1267479370626740224
1267401134358102016
1267384611736338434
1267232449790128129
1267232399282364417
1267232173091885056
1266383086440329218
1266061949361688576
1266061638832025600
1266040717639667712
1265998605908836353
1265451677429227520
1265381656749277186
1265324116997005313
1264644681595576323
1264316828618235905
1264316650712715266
1264285900135006208
1264245235649036289
1263940528808308737
1263761697602514945
1263365058530140163
1263364658913820672
1263359443720458240
1263359190594093056
1263176959154098177
1262853315320307713
1262783472055267329
1262781656110444545
1262421201730887687
1262082531156951041
1262064593792270336
1262047358935760901
1261899169184301060
1261896887281614848
1261887337560080384
1261809891326545921
1261799251694301186
1261786977176879110
1261709690158952453
1261709668352700421
1261709635335196674
1261709608466472963
1261709586140205058
1261709407144095746
1261072037868638216
1260964539148972032
1260914560397127680
1260870855917273088
1260631117599735812
1258785706266300416
1258551902268080129
1258501188703727617
1257758345513046024
1257727164528627713
1257426976077479936
1257390706584440839
1256322783803367424
1262382657092104193
1265274346341380096
1263467705413316613
1259451214632271872
1258793995842605058
1260589522552795139
1260573613859778561
1265368728763539461
1265353256823328770
1263944306341097473
1263924610552266752
1263923100489519105
1263922353450483712
1260929545953112064
1260292782951936000
1278130361302519808
1278064711720931328
1277026280484098048
1276671364527804419
1276583493212835841
1276270354680422413
1275572168550567938
1270097247556915200
1269676954590089216
1266256804951937025
1264283253038436352
1263079893698514945
1263070775000682496
1261384002960678912
1261287657402888192
1261121028777967616
1261120943579160577
1260620622679486464
1259696584746397698
1258955410779910146
1258095670826807298
1257854004530462720
1257582212159021057
1257516413088157696
1257308579805069312
1257290848850640902
1257238249459855361
1256984733101113344
1256952083690946562
1256947333180334085
1256767717153148933
1256690999549669376
1256650130327056385
1256574256877654023
1256574159309533187
1256490507225661443
1256337574001389569
1256337424763899905
1256329737745489921
1256323884153860097
1256322785065893888
1256279688932139017
1256270995125612546
1256270115622072321
1256259204567842817
1256240063131848705
1256223808744312834
1256215438402424832
1256209683452395522
1256028946296123393
1256027712269025283
1270782886505877504
1269095934123745287
1269095773771378688
1268201236626640898
1268201197791576069
1262749589985062912
1262239079044993024
1270398521766817793
1266012876432646146
1257709634837778438
1257237515251200001
1257648743186173952
1257346753587798016
1257331650528260096
1256193253587722243
1263050823451508736
1258013366263709697
1257725033830588419
1257330946887557122
1256396469214404608
1256248483285270529
1256102638535553024
1256062361678557184
1267499195742793730
1266699064474603520
1266075036324167680
1260964416490635264
1260796296635355136
1260765353765830656
1260728818135896065
1260715419775774723
1260700513106001920
1260693071928406018
1260691147644600320
1260689032935333889
1260688917172490240
1259280743571681280
1259158075233034241
1258849524916916225
1258189973360164865
1256879187211759619
1262189430720409601
1261102604630851596
1262017667206168577
